-400|0
-202.4894115|-2706
-192.0693543|-2561
-181.7040773|-2417
-171.3882151|-2274
-161.1175585|-2133
-150.8878477|-1993
-140.6947718|-1854
-130.5571267|-1716
-120.4027543|-1579
-110.2964301|-1443
-100.2122307|-1308
-90.1466104|-1174
-80.09723162|-1041
-70.07702056|-908
-60.03544833|-776
-50.01846921|-645
-40.00783916|-515
-30.00234596|-385
-20|-256
-9.999553554|-128
4.86|62
5.12|65
5.38|69
5.63|72
5.89|75
6.15|78
6.40|82
6.66|85
6.92|88
7.17|91
7.43|95
7.68|98
7.94|101
8.20|104
8.45|108
8.71|111
8.97|114
9.22|117
9.48|121
9.74|124
9.99|127
10.25|130
10.51|134
10.76|137
11.02|140
11.28|143
11.53|147
11.79|150
12.05|153
12.30|157
12.56|160
12.82|163
13.07|166
13.33|170
13.59|173
13.85|176
14.10|179
14.36|183
14.62|186
14.87|189
15.13|192
15.39|196
15.64|199
15.90|202
16.16|205
16.42|209
16.67|212
16.93|215
17.19|218
17.44|222
17.70|225
17.96|228
18.22|231
18.47|235
18.73|238
18.99|241
19.24|244
19.50|248
19.76|251
20.02|254
20.27|257
20.53|261
20.79|264
21.05|267
21.30|270
21.56|274
21.82|277
22.08|280
22.33|283
22.59|287
22.85|290
23.11|293
23.36|296
23.62|300
23.88|303
24.14|306
24.40|309
24.65|313
24.91|316
25.17|319
25.43|322
25.68|326
25.94|329
26.20|332
26.46|335
26.72|339
26.97|342
27.23|345
27.49|348
27.75|352
28.01|355
28.26|358
28.52|361
28.78|365
29.04|368
29.30|371
29.55|374
29.81|378
30.07|381
30.33|384
30.59|387
30.84|391
31.10|394
31.36|397
31.62|400
31.88|404
32.14|407
32.39|410
32.65|413
32.91|417
33.17|420
33.43|423
33.69|426
33.94|430
34.20|433
34.46|436
34.72|439
34.98|443
35.24|446
35.50|449
35.75|452
36.01|456
36.27|459
36.53|462
36.79|465
37.05|469
37.31|472
37.56|475
37.82|478
38.08|482
38.34|485
38.60|488
38.86|491
39.12|495
39.38|498
39.64|501
39.89|504
40.15|508
40.41|511
40.67|514
40.93|517
41.19|520
41.45|524
41.71|527
41.97|530
42.23|533
42.48|537
42.74|540
43.00|543
43.26|546
43.52|550
43.78|553
44.04|556
44.30|559
44.56|563
44.82|566
45.08|569
45.34|572
45.60|576
45.85|579
46.11|582
46.37|585
46.63|589
46.89|592
47.15|595
47.41|598
47.67|602
47.93|605
48.19|608
48.45|611
48.71|614
48.97|618
49.23|621
49.49|624
49.75|627
50.01|631
50.27|634
50.53|637
50.79|640
51.05|644
51.31|647
51.57|650
51.83|653
52.09|657
52.35|660
52.61|663
52.87|666
53.13|669
53.39|673
53.65|676
53.91|679
54.17|682
54.43|686
54.69|689
54.95|692
55.21|695
55.47|699
55.73|702
55.99|705
56.25|708
56.51|712
56.77|715
57.03|718
57.29|721
57.55|724
57.81|728
58.07|731
58.33|734
58.59|737
58.85|741
59.11|744
59.37|747
59.63|750
59.89|754
60.15|757
60.41|760
60.67|763
60.93|767
61.19|770
61.45|773
61.71|776
61.98|779
62.24|783
62.50|786
62.76|789
63.02|792
63.28|796
63.54|799
63.80|802
64.06|805
64.32|809
64.58|812
64.84|815
65.10|818
65.37|821
65.63|825
65.89|828
66.15|831
66.41|834
66.67|838
66.93|841
67.19|844
67.45|847
67.71|850
67.98|854
68.24|857
68.50|860
68.76|863
69.02|867
69.28|870
69.54|873
69.80|876
70.06|880
70.33|883
70.59|886
70.85|889
71.11|892
71.37|896
71.63|899
71.89|902
72.16|905
72.42|909
72.68|912
72.94|915
73.20|918
73.46|921
73.72|925
73.99|928
74.25|931
74.51|934
74.77|938
75.03|941
75.29|944
75.56|947
75.82|951
76.08|954
76.34|957
76.60|960
76.87|963
77.13|967
77.39|970
77.65|973
77.91|976
78.17|980
78.44|983
78.70|986
78.96|989
79.22|992
79.48|996
79.75|999
80.01|1002
80.27|1005
80.53|1009
80.79|1012
81.06|1015
81.32|1018
81.58|1021
81.84|1025
82.11|1028
82.37|1031
82.63|1034
82.89|1038
83.15|1041
83.42|1044
83.68|1047
83.94|1050
84.20|1054
84.47|1057
84.73|1060
84.99|1063
85.25|1067
85.52|1070
85.78|1073
86.04|1076
86.30|1079
86.57|1083
86.83|1086
87.09|1089
87.35|1092
87.62|1095
87.88|1099
88.14|1102
88.41|1105
88.67|1108
88.93|1112
89.19|1115
89.46|1118
89.72|1121
89.98|1124
90.24|1128
90.51|1131
90.77|1134
91.03|1137
91.30|1141
91.56|1144
91.82|1147
92.09|1150
92.35|1153
92.61|1157
92.87|1160
93.14|1163
93.40|1166
93.66|1169
93.93|1173
94.19|1176
94.45|1179
94.72|1182
94.98|1186
95.24|1189
95.51|1192
95.77|1195
96.03|1198
96.30|1202
96.56|1205
96.82|1208
97.09|1211
97.35|1214
97.61|1218
97.88|1221
98.14|1224
98.40|1227
98.67|1231
98.93|1234
99.19|1237
99.46|1240
99.72|1243
99.99|1247
100.25|1250
100.51|1253
100.78|1256
101.04|1259
101.30|1263
101.57|1266
101.83|1269
102.10|1272
102.36|1276
102.62|1279
102.89|1282
103.15|1285
103.41|1288
103.68|1292
103.94|1295
104.21|1298
104.47|1301
104.73|1304
105.00|1308
105.26|1311
105.53|1314
105.79|1317
106.06|1320
106.32|1324
106.58|1327
106.85|1330
107.11|1333
107.38|1336
107.64|1340
107.90|1343
108.17|1346
108.43|1349
108.70|1353
108.96|1356
109.23|1359
109.49|1362
109.76|1365
110.02|1369
110.28|1372
110.55|1375
110.81|1378
111.08|1381
111.34|1385
111.61|1388
111.87|1391
112.14|1394
112.40|1397
112.67|1401
112.93|1404
113.19|1407
113.46|1410
113.72|1413
113.99|1417
114.25|1420
114.52|1423
114.78|1426
115.05|1429
115.31|1433
115.58|1436
115.84|1439
116.11|1442
116.37|1445
116.64|1449
116.90|1452
117.17|1455
117.43|1458
117.70|1462
117.96|1465
118.23|1468
118.49|1471
118.76|1474
119.02|1478
119.29|1481
119.55|1484
119.82|1487
120.08|1490
120.35|1494
120.62|1497
120.88|1500
121.15|1503
121.41|1506
121.68|1510
121.94|1513
122.21|1516
122.47|1519
122.74|1522
123.00|1526
123.27|1529
123.54|1532
123.80|1535
124.07|1538
124.33|1542
124.60|1545
124.86|1548
125.13|1551
125.39|1554
125.66|1558
125.93|1561
126.19|1564
126.46|1567
126.72|1570
126.99|1574
127.26|1577
127.52|1580
127.79|1583
128.05|1586
128.32|1590
128.58|1593
128.85|1596
129.12|1599
129.38|1602
129.65|1606
129.92|1609
130.18|1612
130.45|1615
130.71|1618
130.98|1622
131.25|1625
131.51|1628
131.78|1631
132.04|1634
132.31|1637
132.58|1641
132.84|1644
133.11|1647
133.38|1650
133.64|1653
133.91|1657
134.18|1660
134.44|1663
134.71|1666
134.97|1669
135.24|1673
135.51|1676
135.77|1679
136.04|1682
136.31|1685
136.57|1689
136.84|1692
137.11|1695
137.37|1698
137.64|1701
137.91|1705
138.17|1708
138.44|1711
138.71|1714
138.97|1717
139.24|1721
139.51|1724
139.78|1727
140.04|1730
140.31|1733
140.58|1737
140.84|1740
141.11|1743
141.38|1746
141.64|1749
141.91|1752
142.18|1756
142.45|1759
142.71|1762
142.98|1765
143.25|1768
143.51|1772
143.78|1775
144.05|1778
144.32|1781
144.58|1784
144.85|1788
145.12|1791
145.38|1794
145.65|1797
145.92|1800
146.19|1804
146.45|1807
146.72|1810
146.99|1813
147.26|1816
147.52|1819
147.79|1823
148.06|1826
148.33|1829
148.59|1832
148.86|1835
149.13|1839
149.40|1842
149.67|1845
149.93|1848
150.20|1851
150.47|1855
150.74|1858
151.00|1861
151.27|1864
151.54|1867
151.81|1870
152.08|1874
152.34|1877
152.61|1880
152.88|1883
153.15|1886
153.42|1890
153.68|1893
153.95|1896
154.22|1899
154.49|1902
154.76|1905
155.02|1909
155.29|1912
155.56|1915
155.83|1918
156.10|1921
156.36|1925
156.63|1928
156.90|1931
157.17|1934
157.44|1937
157.71|1941
157.97|1944
158.24|1947
158.51|1950
158.78|1953
159.05|1956
159.32|1960
159.59|1963
159.85|1966
160.12|1969
160.39|1972
160.66|1976
160.93|1979
161.20|1982
161.47|1985
161.73|1988
162.00|1991
162.27|1995
162.54|1998
162.81|2001
163.08|2004
163.35|2007
163.62|2011
163.88|2014
164.15|2017
164.42|2020
164.69|2023
164.96|2026
165.23|2030
165.50|2033
165.77|2036
166.04|2039
166.31|2042
166.57|2046
166.84|2049
167.11|2052
167.38|2055
167.65|2058
167.92|2061
168.19|2065
168.46|2068
168.73|2071
169.00|2074
169.27|2077
169.54|2080
169.81|2084
170.08|2087
170.34|2090
170.61|2093
170.88|2096
171.15|2100
171.42|2103
171.69|2106
171.96|2109
172.23|2112
172.50|2115
172.77|2119
173.04|2122
173.31|2125
173.58|2128
173.85|2131
174.12|2134
174.39|2138
174.66|2141
174.93|2144
175.20|2147
175.47|2150
175.74|2154
176.01|2157
176.28|2160
176.55|2163
176.82|2166
177.09|2169
177.36|2173
177.63|2176
177.90|2179
178.17|2182
178.44|2185
178.71|2188
178.98|2192
179.25|2195
179.52|2198
179.79|2201
180.06|2204
180.33|2207
180.60|2211
180.87|2214
181.14|2217
181.41|2220
181.68|2223
181.95|2227
182.22|2230
182.49|2233
182.76|2236
183.03|2239
183.30|2242
183.57|2246
183.84|2249
184.11|2252
184.39|2255
184.66|2258
184.93|2261
185.20|2265
185.47|2268
185.74|2271
186.01|2274
186.28|2277
186.55|2280
186.82|2284
187.09|2287
187.36|2290
187.63|2293
187.91|2296
188.18|2299
188.45|2303
188.72|2306
188.99|2309
189.26|2312
189.53|2315
189.80|2318
190.07|2322
190.34|2325
190.62|2328
190.89|2331
191.16|2334
191.43|2337
191.70|2341
191.97|2344
192.24|2347
192.51|2350
192.79|2353
193.06|2356
193.33|2360
193.60|2363
193.87|2366
194.14|2369
194.41|2372
194.69|2375
194.96|2379
195.23|2382
195.50|2385
195.77|2388
196.04|2391
196.31|2394
196.59|2398
196.86|2401
197.13|2404
197.40|2407
197.67|2410
197.94|2413
198.22|2417
198.49|2420
198.76|2423
199.03|2426
199.30|2429
199.58|2432
199.85|2436
200.12|2439
