     iTemp [Celsius]         iTemp [Raw]     oTemp [Celsius]         oTemp [Raw]     Delta [Celsius]         Delta [Raw]
                -400                   0                   0            -5194.39                 400             5194.39
            -202.489               -2706            -211.632            -2587.17             9.14275             118.833
            -192.069               -2561            -200.474            -2451.95             8.40497             109.051
            -181.704               -2417            -189.373            -2317.67             7.66924             99.3317
            -171.388               -2274            -178.329            -2184.25             6.94127             89.7468
            -161.118               -2133            -167.421            -2051.64             6.30308             81.3551
            -150.888               -1993             -156.57            -1919.79             5.68213             73.2149
            -140.695               -1854            -145.778            -1788.62             5.08308             65.3846
            -130.557               -1716            -135.045            -1658.37             4.48751              57.626
            -120.403               -1579            -124.371            -1528.13             3.96793             50.8679
            -110.296               -1443            -113.756            -1398.72             3.45991             44.2809
            -100.212               -1308            -103.202             -1269.8             2.98975             38.1997
            -90.1466               -1174            -92.7079            -1141.33             2.56132             32.6714
            -80.0972               -1041            -82.2746            -1013.27             2.17734             27.7276
             -70.077                -908            -71.8236            -885.795             1.74658             22.2052
            -60.0354                -776            -61.4337            -758.252              1.3983             17.7481
            -50.0185                -645            -51.1054            -631.227              1.0869              13.773
            -40.0078                -515            -40.8388            -504.487            0.830969             10.5127
            -30.0023                -385            -30.5553            -378.016            0.552908             6.98352
                 -20                -256             -20.334            -251.789            0.333962             4.21126
            -9.99955                -128            -10.1753            -125.788            0.175727             2.21234
                4.86                  62             4.93463             61.0627           0.0746313            0.937322
                5.12                  65              5.1735             64.3281           0.0535029            0.671935
                5.38                  69             5.49201             67.5933            0.112013             1.40669
                5.63                  72             5.73091             70.7328            0.100906             1.26715
                5.89                  75             5.96981             73.9978           0.0798076             1.00217
                6.15                  78             6.20872             77.2627           0.0587189             0.73732
                 6.4                  82             6.52728             80.4018            0.127281             1.59817
                6.66                  85             6.76621             83.6664            0.106214             1.33359
                6.92                  88             7.00516             86.9309           0.0851558             1.06915
                7.17                  91             7.24411             90.0696           0.0741068            0.930389
                7.43                  95             7.56272             93.3338            0.132722             1.66621
                7.68                  98             7.80169             96.4723            0.121695             1.52771
                7.94                 101             8.04068             99.7362            0.100676              1.2638
                 8.2                 104             8.27967                 103           0.0796666             1.00003
                8.45                 108             8.59833             106.138            0.148335             1.86191
                8.71                 111             8.83735             109.402            0.127347              1.5984
                8.97                 114             9.07637             112.665            0.106368             1.33503
                9.22                 117              9.3154             115.803           0.0953984              1.1973
                9.48                 121             9.63412             119.066             0.15412              1.9342
                9.74                 124             9.87317             122.329            0.133171             1.67123
                9.99                 127             10.1122             125.466            0.122232             1.53389
               10.25                 130             10.3513             128.729            0.101302             1.27119
               10.51                 134             10.6701             131.991            0.160077             2.00862
               10.76                 137             10.9092             135.128            0.149168             1.87167
               11.02                 140             11.1483             138.391            0.128268             1.60937
               11.28                 143             11.3874             141.653            0.107378             1.34721
               11.53                 147             11.7062             144.789            0.176205             2.21064
               11.79                 150             11.9453             148.051            0.155336             1.94875
               12.05                 153             12.1845             151.313            0.134477             1.68699
                12.3                 157             12.5033             154.449            0.203345             2.55081
               12.56                 160             12.7425             157.711            0.182506             2.28932
               12.82                 163             12.9817             160.972            0.161677             2.02796
               13.07                 166             13.2209             164.108            0.150857             1.89217
               13.33                 170             13.5398             167.369            0.209778             2.63108
               13.59                 173              13.779              170.63             0.18898             2.37012
               13.85                 176             14.0182             173.891             0.16819              2.1093
                14.1                 179             14.2574             177.026             0.15741             1.97403
               14.36                 183             14.5764             180.287            0.216384             2.71348
               14.62                 186             14.8156             183.547            0.195625             2.45306
               14.87                 189             15.0549             186.682            0.184875             2.31817
               15.13                 192             15.2941             189.942            0.164135             2.05802
               15.39                 196             15.6132             193.202            0.223162             2.79801
               15.64                 199             15.8524             196.336            0.212443             2.66351
                15.9                 202             16.0917             199.596            0.191733             2.40376
               16.16                 205              16.331             202.856            0.171032             2.14415
               16.42                 209             16.6501             206.115            0.230112             2.88467
               16.67                 212             16.8894             209.249            0.219433             2.75069
               16.93                 215             17.1288             212.509            0.198762             2.49148
               17.19                 218             17.3681             215.768            0.178101              2.2324
               17.44                 222             17.6872             218.901            0.247234             3.09881
                17.7                 225             17.9266              222.16            0.226595                2.84
               17.96                 228              18.166             225.419            0.205964             2.58133
               18.22                 231             18.4053             228.677            0.185343             2.32279
               18.47                 235             18.7245              231.81            0.254529             3.18971
               18.73                 238             18.9639             235.069             0.23393             2.93144
               18.99                 241             19.2033             238.327            0.213339             2.67331
               19.24                 244             19.4428             241.459            0.202758             2.54062
                19.5                 248              19.762             244.717            0.261997             3.28275
               19.76                 251             20.0014             247.975            0.241437             3.02502
               20.02                 254             20.2409             251.233            0.220886             2.76742
               20.27                 257             20.4803             254.365            0.210344             2.63524
               20.53                 261             20.7996             257.622            0.269636             3.37791
               20.79                 264             21.0391             260.879            0.249116             3.12072
               21.05                 267             21.2786             264.136            0.228605             2.86366
                21.3                 270             21.5181             267.268            0.218103               2.732
               21.56                 274             21.8374             270.525            0.277449             3.47521
               21.82                 277              22.077             273.781            0.256968             3.21855
               22.08                 280             22.3165             277.038            0.236497             2.96203
               22.33                 283              22.556             280.169            0.226035             2.83089
               22.59                 287             22.8754             283.425            0.285433             3.57463
               22.85                 290              23.115             286.681            0.264993             3.31851
               23.11                 293             23.3546             289.937            0.244562             3.06253
               23.36                 296             23.5941             293.068            0.234139              2.9319
               23.62                 300             23.9136             296.324            0.293591             3.67618
               23.88                 303             24.1532             299.579             0.27319              3.4206
               24.14                 306             24.3928             302.835            0.252799             3.16515
                24.4                 309             24.6324              306.09            0.232416             2.90984
               24.65                 313             24.9519              309.22            0.301921             3.77986
               24.91                 316             25.1916             312.475             0.28156             3.52481
               25.17                 319             25.4312              315.73            0.261208              3.2699
               25.43                 322             25.6709             318.985            0.240866             3.01513
               25.68                 326             25.9904             322.114            0.310424             3.88566
               25.94                 329             26.2301             325.369            0.290103             3.63115
                26.2                 332             26.4698             328.623            0.269791             3.37678
               26.46                 335             26.7095             331.877            0.249488             3.12254
               26.72                 339             27.0291             335.132            0.309099             3.86844
               26.97                 342             27.2688              338.26            0.298818             3.73962
               27.23                 345             27.5085             341.514            0.278546             3.48579
               27.49                 348             27.7483             344.768            0.258283             3.23208
               27.75                 352             28.0679             348.021            0.317947             3.97852
               28.01                 355             28.3077             351.275            0.297706             3.72509
               28.26                 358             28.5475             354.403            0.287474             3.59692
               28.52                 361             28.7873             357.656            0.267251             3.34375
               28.78                 365              29.107             360.909            0.326968             4.09072
               29.04                 368             29.3468             364.162            0.306767             3.83783
                29.3                 371             29.5866             367.415            0.286575             3.58507
               29.55                 374             29.8264             370.542            0.276392             3.45754
               29.81                 378             30.1462             373.795            0.336162             4.20505
               30.07                 381              30.386             377.047            0.316001             3.95269
               30.33                 384             30.6258               380.3            0.295849             3.70047
               30.59                 387             30.8657             383.552            0.275705             3.44838
               30.84                 391             31.1855             386.678            0.345529              4.3215
                31.1                 394             31.4254              389.93            0.325407             4.06968
               31.36                 397             31.6653             393.182            0.305295               3.818
               31.62                 400             31.9052             396.434            0.285192             3.56645
               31.88                 404             32.2251             399.685            0.345069             4.31503
               32.14                 407              32.465             402.936            0.324987             4.06375
               32.39                 410             32.7049             406.062            0.314915             3.93765
               32.65                 413             32.9449             409.313            0.294851             3.68663
               32.91                 417             33.2648             412.564            0.354781             4.43575
               33.17                 420             33.5047             415.815             0.33474             4.18501
               33.43                 423             33.7447             419.066            0.314707              3.9344
               33.69                 426             33.9847             422.316            0.294684             3.68392
               33.94                 430             34.3047             425.441            0.364667             4.55859
                34.2                 433             34.5447             428.692            0.344665             4.30839
               34.46                 436             34.7847             431.942            0.324673             4.05831
               34.72                 439             35.0247             435.192            0.304689             3.80837
               34.98                 443             35.3447             438.441            0.364726             4.55857
               35.24                 446             35.5848             441.691            0.344764              4.3089
                35.5                 449             35.8248             444.941            0.324811             4.05937
               35.75                 452             36.0649             448.065            0.314868             3.93495
               36.01                 456              36.385             451.314            0.374958             4.68568
               36.27                 459              36.625             454.563            0.355036             4.43655
               36.53                 462             36.8651             457.812            0.335123             4.18755
               36.79                 465             37.1052             461.061             0.31522             3.93869
               37.05                 469             37.4254              464.31            0.375363             4.68996
               37.31                 472             37.6655             467.559            0.355481             4.44137
               37.56                 475             37.9056             470.682            0.345608             4.31785
               37.82                 478             38.1457              473.93            0.325745             4.06952
               38.08                 482             38.4659             477.179            0.385941             4.82133
               38.34                 485             38.7061             480.427            0.366099             4.57327
                38.6                 488             38.9463             483.675            0.346266             4.32535
               38.86                 491             39.1864             486.922            0.326443             4.07757
               39.12                 495             39.5067              490.17            0.386693             4.82991
               39.38                 498             39.7469             493.418            0.366891              4.5824
               39.64                 501             39.9871             496.665            0.347098             4.33502
               39.89                 504             40.2273             499.787            0.337314             4.21266
               40.15                 508             40.5476             503.034            0.397617             4.96555
               40.41                 511             40.7879             506.281            0.377855             4.71856
               40.67                 514             41.0281             509.528            0.358103             4.47172
               40.93                 517             41.2684             512.775            0.338359             4.22501
               41.19                 520             41.5086             516.022            0.318625             3.97843
               41.45                 524              41.829             519.268            0.378993             4.73199
               41.71                 527             42.0693             522.514            0.359281             4.48568
               41.97                 530             42.3096              525.76            0.339577             4.23951
               42.23                 533             42.5499             529.007            0.319883             3.99347
               42.48                 537             42.8703             532.128            0.390305             4.87241
               42.74                 540             43.1106             535.373            0.370632             4.62664
                  43                 543              43.351             538.619            0.350969               4.381
               43.26                 546             43.5913             541.864            0.331314              4.1355
               43.52                 550             43.9118              545.11             0.39179             4.89014
               43.78                 553             44.1522             548.355            0.372157              4.6449
               44.04                 556             44.3925               551.6            0.352534             4.39981
                44.3                 559             44.6329             554.845            0.332919             4.15484
               44.56                 563             44.9534              558.09            0.393448             4.91002
               44.82                 566             45.1939             561.335            0.373855             4.66532
               45.08                 569             45.4343             564.579            0.354272             4.42077
               45.34                 572             45.6747             567.824            0.334698             4.17634
                45.6                 576             45.9953             571.068             0.39528             4.93206
               45.85                 579             46.2357             574.187            0.385727             4.81268
               46.11                 582             46.4762             577.431            0.366184             4.56865
               46.37                 585             46.7166             580.675             0.34665             4.32476
               46.63                 589             47.0373             583.919            0.407285             5.08101
               46.89                 592             47.2778             587.163            0.387773             4.83739
               47.15                 595             47.5183             590.406             0.36827             4.59391
               47.41                 598             47.7588             593.649            0.348775             4.35056
               47.67                 602             48.0795             596.893            0.409464             5.10735
               47.93                 605               48.32             600.136            0.389992             4.86427
               48.19                 608             48.5605             603.379            0.370529             4.62132
               48.45                 611             48.8011             606.621            0.351075             4.37851
               48.71                 614             49.0416             609.864             0.33163             4.13584
               48.97                 618             49.3624             613.107            0.392385             4.89329
               49.23                 621              49.603             616.349            0.372961             4.65089
               49.49                 624             49.8435             619.591            0.353548             4.40862
               49.75                 627             50.0841             622.834            0.334143             4.16648
               50.01                 631              50.405             626.076            0.394951             4.92448
               50.27                 634             50.6456             629.317            0.375568             4.68261
               50.53                 637             50.8862             632.559            0.356194             4.44088
               50.79                 640             51.1268             635.801             0.33683             4.19928
               51.05                 644             51.4477             639.042            0.397691             4.95782
               51.31                 647             51.6883             642.284            0.378348             4.71649
               51.57                 650              51.929             645.525            0.359014              4.4753
               51.83                 653             52.1697             648.766             0.33969             4.23424
               52.09                 657             52.4906             652.007            0.400605             4.99332
               52.35                 660             52.7313             655.247            0.381302             4.75253
               52.61                 663              52.972             658.488            0.362009             4.51187
               52.87                 666             53.2127             661.729            0.342724             4.27135
               53.13                 669             53.4534             664.969            0.323449             4.03097
               53.39                 673             53.7744             668.209             0.38443             4.79072
               53.65                 676             54.0152             671.449            0.365177              4.5506
               53.91                 679             54.2559             674.689            0.345932             4.31062
               54.17                 682             54.4967             677.929            0.326697             4.07077
               54.43                 686             54.8177             681.169            0.387732             4.83106
               54.69                 689             55.0585             684.409            0.368519             4.59148
               54.95                 692             55.2993             687.648            0.349314             4.35204
               55.21                 695             55.5401             690.887             0.33012             4.11273
               55.47                 699             55.8612             694.126            0.391208             4.87355
               55.73                 702              56.102             697.365            0.372034             4.63451
               55.99                 705             56.3429             700.604             0.35287             4.39561
               56.25                 708             56.5837             703.843            0.333716             4.15684
               56.51                 712             56.9049             707.082            0.394857              4.9182
               56.77                 715             57.1457              710.32            0.375724              4.6797
               57.03                 718             57.3866             713.559              0.3566             4.44133
               57.29                 721             57.6275             716.797            0.337486              4.2031
               57.55                 724             57.8684             720.035            0.318381               3.965
               57.81                 728             58.1896             723.273            0.379588             4.72704
               58.07                 731             58.4305             726.511            0.360504             4.48921
               58.33                 734             58.6714             729.748             0.34143             4.25151
               58.59                 737             58.9124             732.986            0.322365             4.01395
               58.85                 741             59.2336             736.223            0.383626             4.77652
               59.11                 744             59.4746             739.461            0.364582             4.53923
               59.37                 747             59.7155             742.698            0.345548             4.30208
               59.63                 750             59.9565             745.935            0.326523             4.06505
               59.89                 754             60.2778             749.172            0.387838             4.82816
               60.15                 757             60.5188             752.409            0.368834             4.59141
               60.41                 760             60.7598             755.645             0.34984             4.35479
               60.67                 763             61.0009             758.882            0.330856              4.1183
               60.93                 767             61.3222             762.118            0.392224             4.88195
               61.19                 770             61.5633             765.354            0.373261             4.64574
               61.45                 773             61.8043              768.59            0.354307             4.40965
               61.71                 776             62.0454             771.826            0.335362             4.17371
               61.98                 779             62.2864             775.187            0.306427             3.81344
               62.24                 783             62.6079             778.422            0.367861             4.57777
                62.5                 786             62.8489             781.658            0.348948             4.34223
               62.76                 789               63.09             784.893            0.330043             4.10682
               63.02                 792             63.3311             788.128            0.311148             3.87155
               63.28                 796             63.6526             791.364            0.372636             4.63641
               63.54                 799             63.8938             794.599            0.353763             4.40141
                63.8                 802             64.1349             797.833            0.334899             4.16654
               64.06                 805              64.376             801.068            0.316044             3.93181
               64.32                 809             64.6976             804.303            0.377585             4.69721
               64.58                 812             64.9388             807.537            0.358752             4.46274
               64.84                 815             65.1799             810.772            0.339928             4.22841
                65.1                 818             65.4211             814.006            0.321113             3.99422
               65.37                 821             65.6623             817.364            0.292308             3.63577
               65.63                 825             65.9839             820.598            0.353916             4.40184
               65.89                 828             66.2251             823.832            0.335132             4.16806
               66.15                 831             66.4664             827.066            0.316358              3.9344
               66.41                 834             66.7076             830.299            0.297592             3.70088
               66.67                 838             67.0293             833.533            0.359253             4.46749
               66.93                 841             67.2705             836.766             0.34051             4.23424
               67.19                 844             67.5118             839.999            0.321776             4.00112
               67.45                 847             67.7531             843.232            0.303051             3.76814
               67.71                 850             67.9943             846.465            0.284336             3.53529
               67.98                 854             68.3161             849.822            0.336063             4.17824
               68.24                 857             68.5574             853.054            0.317369             3.94566
                68.5                 860             68.7987             856.287            0.298684             3.71322
               68.76                 863               69.04             859.519            0.280009             3.48091
               69.02                 867             69.3618             862.751             0.34179             4.24874
               69.28                 870             69.6031             865.983            0.323136              4.0167
               69.54                 873             69.8445             869.215            0.304492             3.78479
                69.8                 876             70.0859             872.447            0.285857             3.55302
               70.06                 880             70.4077             875.679            0.347692             4.32138
               70.33                 883             70.6491             879.034            0.319078             3.96559
               70.59                 886             70.8905             882.266            0.300474             3.73423
               70.85                 889             71.1319             885.497             0.28188               3.503
               71.11                 892             71.3733             888.728            0.263294              3.2719
               71.37                 896             71.6952             891.959            0.325195             4.04094
               71.63                 899             71.9366              895.19            0.306631             3.81011
               71.89                 902             72.1781             898.421            0.288077             3.57941
               72.16                 905             72.4195             901.775            0.259532              3.2246
               72.42                 909             72.7415             905.006            0.321486             3.99418
               72.68                 912              72.983             908.236            0.302963             3.76389
               72.94                 915             73.2244             911.466            0.284449             3.53374
                73.2                 918             73.4659             914.696            0.265944             3.30372
               73.46                 921             73.7074             917.926            0.247448             3.07384
               73.72                 925             74.0295             921.156            0.309469             3.84409
               73.99                 928              74.271              924.51            0.280995             3.49025
               74.25                 931             74.5125             927.739            0.262531             3.26078
               74.51                 934             74.7541             930.969            0.244075             3.03143
               74.77                 938             75.0761             934.198             0.30615             3.80222
               75.03                 941             75.3177             937.427            0.287716             3.57314
               75.29                 944             75.5593             940.656            0.269292              3.3442
               75.56                 947             75.8009             944.009            0.240877             2.99121
               75.82                 951              76.123             947.237            0.303005             3.76254
               76.08                 954             76.3646             950.466            0.284612               3.534
               76.34                 957             76.6062             953.694            0.266228              3.3056
                76.6                 960             76.8479             956.923            0.247854             3.07733
               76.87                 963             77.0895             960.275            0.219489             2.72504
               77.13                 967             77.4117             963.503            0.281683             3.49705
               77.39                 970             77.6533             966.731             0.26334             3.26919
               77.65                 973              77.895             969.959            0.245006             3.04146
               77.91                 976             78.1367             973.186            0.226681             2.81386
               78.17                 980             78.4589             976.414            0.288929              3.5864
               78.44                 983             78.7006             979.765            0.260626             3.23495
                78.7                 986             78.9423             982.992            0.242332             3.00777
               78.96                 989              79.184             986.219            0.224047             2.78071
               79.22                 992             79.4258             989.446            0.205772             2.55379
               79.48                 996             79.7481             992.673            0.268087             3.32701
               79.75                 999             79.9898             996.024            0.239833             2.97626
               80.01                1002             80.2316              999.25            0.221589             2.74974
               80.27                1005             80.4734             1002.48            0.203354             2.52336
               80.53                1009             80.7957              1005.7            0.265723             3.29712
               80.79                1012             81.0375             1008.93            0.247509               3.071
               81.06                1015             81.2793             1012.28            0.219306             2.72095
               81.32                1018             81.5211              1015.5            0.201111             2.49511
               81.58                1021             81.7629             1018.73            0.182926             2.26941
               81.84                1025             82.0854             1021.96            0.245361             3.04383
               82.11                1028             82.3272             1025.31            0.217197             2.69434
               82.37                1031              82.569             1028.53            0.199044             2.46904
               82.63                1034             82.8109             1031.76            0.180899             2.24388
               82.89                1038             83.1334             1034.98            0.243387             3.01885
               83.15                1041             83.3753             1038.21            0.225264             2.79395
               83.42                1044             83.6172             1041.55            0.197151             2.44516
               83.68                1047              83.859             1044.78            0.179046             2.22053
               83.94                1050              84.101                1048            0.160952             1.99604
                84.2                1054             84.4235             1051.23            0.223506             2.77168
               84.47                1057             84.6654             1054.58            0.195433             2.42345
               84.73                1060             84.9074              1057.8            0.177369             2.19936
               84.99                1063             85.1493             1061.02            0.159315             1.97541
               85.25                1067             85.4719             1064.25            0.221923             2.75159
               85.52                1070             85.7139              1067.6             0.19389             2.40392
               85.78                1073             85.9559             1070.82            0.175867             2.18037
               86.04                1076             86.1979             1074.04            0.157853             1.95696
                86.3                1079             86.4398             1077.27            0.139848             1.73368
               86.57                1083             86.7625             1080.61            0.192523             2.38656
               86.83                1086             87.0045             1083.84             0.17454             2.16356
               87.09                1089             87.2466             1087.06            0.156567             1.94068
               87.35                1092             87.4886             1090.28            0.138602             1.71794
               87.62                1095             87.7306             1093.63            0.110647             1.37139
               87.88                1099             88.0534             1096.85            0.173389             2.14892
               88.14                1102             88.2955             1100.07            0.155455             1.92659
               88.41                1105             88.5375             1103.42            0.127531             1.58046
               88.67                1108             88.7796             1106.64            0.109617             1.35839
               88.93                1112             89.1024             1109.86            0.172412             2.13646
               89.19                1115             89.3445             1113.09            0.154519             1.91467
               89.46                1118             89.5866             1116.43            0.126636              1.5691
               89.72                1121             89.8288             1119.65            0.108762             1.34757
               89.98                1124             90.0709             1122.87           0.0908974             1.12618
               90.24                1128             90.3938              1126.1            0.153759             1.90493
               90.51                1131             90.6359             1129.44            0.125916             1.55992
               90.77                1134             90.8781             1132.66            0.108083             1.33893
               91.03                1137             91.1203             1135.88           0.0902583             1.11808
                91.3                1141             91.4432             1139.23            0.143174             1.77349
               91.56                1144             91.6854             1142.45            0.125371             1.55291
               91.82                1147             91.9276             1145.67            0.107578             1.33246
               92.09                1150             92.1698             1149.01           0.0797947            0.988294
               92.35                1153              92.412             1152.23           0.0620203             0.76812
               92.61                1157              92.735             1155.45            0.125002             1.54808
               92.87                1160             92.9772             1158.67             0.10725             1.32817
               93.14                1163             93.2195             1162.02           0.0795065            0.984561
                93.4                1166             93.4618             1165.24           0.0617727            0.764925
               93.66                1169              93.704             1168.45           0.0440481            0.545422
               93.93                1173             94.0271              1171.8           0.0970966             1.20223
               94.19                1176             94.2694             1175.02           0.0793939            0.983002
               94.45                1179             94.5117             1178.24           0.0617006            0.763904
               94.72                1182              94.754             1181.58           0.0340165            0.421136
               94.98                1186             95.0771              1184.8           0.0971191             1.20231
               95.24                1189             95.3195             1188.02           0.0794569            0.983617
               95.51                1192             95.5618             1191.36            0.051804            0.641269
               95.77                1195             95.8042             1194.58           0.0341605            0.422848
               96.03                1198             96.0465              1197.8           0.0165264             0.20456
                96.3                1202             96.3697             1201.14           0.0696954            0.862632
               96.56                1205             96.6121             1204.36           0.0520831            0.644616
               96.82                1208             96.8545             1207.57           0.0344802            0.426733
               97.09                1211             97.0969             1210.91          0.00688656           0.0852258
               97.35                1214             97.3393             1214.13           0.0106977            0.132386
               97.61                1218             97.6625             1217.35           0.0525379            0.650136
               97.88                1221              97.905             1220.69           0.0249755            0.309049
               98.14                1224             98.1474             1223.91          0.00742241            0.091842
                98.4                1227             98.3899             1227.13           0.0101213            0.125232
               98.67                1231             98.7132             1230.47           0.0431683            0.534102
               98.93                1234             98.9556             1233.68           0.0256465            0.317299
               99.19                1237             99.1981              1236.9          0.00813399             0.10063
               99.46                1240             99.4406             1240.24           0.0193691            0.239616
               99.72                1243             99.6831             1243.46           0.0368629            0.456014
               99.99                1247             100.006              1246.8           0.0164933            0.204021
              100.25                1250             100.249             1250.01         0.000978646           0.0121053
              100.51                1253             100.492             1253.23           0.0184412            0.228099
              100.78                1256             100.734             1256.57           0.0458944            0.567643
              101.04                1259             100.977             1259.78           0.0633383            0.783365
               101.3                1263               101.3                1263         8.45341e-05          0.00104547
              101.57                1266             101.543             1266.34           0.0273375            0.338079
              101.83                1269             101.785             1269.55           0.0447501            0.553397
               102.1                1272             102.028             1272.89           0.0721533             0.89224
              102.36                1276             102.351             1276.11          0.00867642            0.107287
              102.62                1279             102.594             1279.32           0.0260578              0.3222
              102.89                1282             102.837             1282.66           0.0534298            0.660624
              103.15                1285             103.079             1285.88           0.0707925            0.875266
              103.41                1288             103.322             1289.09           0.0881458             1.08978
              103.68                1292             103.645             1292.43           0.0346023            0.427779
              103.94                1295             103.888             1295.64           0.0519337            0.642017
              104.21                1298             104.131             1298.98           0.0792557            0.979739
              104.47                1301             104.373             1302.19           0.0965684             1.19371
              104.73                1304             104.616             1305.41            0.113872             1.40754
                 105                1308              104.94             1308.74           0.0602616            0.744843
              105.26                1311             105.182             1311.96            0.077543            0.958407
              105.53                1314             105.425              1315.3            0.104815             1.29543
              105.79                1317             105.668             1318.51            0.122078             1.50872
              106.06                1320             105.911             1321.85            0.149331             1.84546
              106.32                1324             106.234             1325.06           0.0856542             1.05848
              106.58                1327             106.477             1328.27            0.102886             1.27137
              106.85                1330              106.72             1331.61            0.130108             1.60769
              107.11                1333             106.963             1334.82             0.14732             1.82031
              107.38                1336             107.205             1338.16            0.174524             2.15635
              107.64                1340             107.529             1341.37             0.11078             1.36869
               107.9                1343             107.772             1344.58            0.127962             1.58091
              108.17                1346             108.015             1347.92            0.155134             1.91653
              108.43                1349             108.258             1351.13            0.172296             2.12847
               108.7                1353             108.582             1354.46            0.118499             1.46381
              108.96                1356             108.824             1357.68            0.135639             1.67548
              109.23                1359             109.067             1361.01            0.162771             2.01054
              109.49                1362              109.31             1364.22            0.179893             2.22194
              109.76                1365             109.553             1367.56            0.207005             2.55671
              110.02                1369             109.877             1370.77            0.143141             1.76785
              110.28                1372              110.12             1373.98            0.160232             1.97884
              110.55                1375             110.363             1377.31            0.187313              2.3132
              110.81                1378             110.606             1380.52            0.204385             2.52393
              111.08                1381             110.849             1383.86            0.231447               2.858
              111.34                1385             111.172             1387.07            0.167516             2.06846
              111.61                1388             111.415              1390.4            0.194557             2.40226
              111.87                1391             111.658             1393.61            0.211588             2.61244
              112.14                1394             111.901             1396.95             0.23861             2.94596
               112.4                1397             112.144             1400.16            0.255623             3.15587
              112.67                1401             112.468             1403.49            0.201625              2.4891
              112.93                1404             112.711              1406.7            0.218615             2.69875
              113.19                1407             112.954             1409.91            0.235596             2.90826
              113.46                1410             113.197             1413.24            0.262568             3.24108
              113.72                1413              113.44             1416.45            0.279531             3.45032
              113.99                1417             113.765             1419.78            0.225466             2.78285
              114.25                1420             114.008             1422.99            0.242406             2.99182
              114.52                1423             114.251             1426.32            0.269337             3.32408
              114.78                1426             114.494             1429.53            0.286259             3.53278
              115.05                1429             114.737             1432.86            0.313171             3.86475
              115.31                1433             115.061             1436.07             0.24904             3.07318
              115.58                1436             115.304              1439.4             0.27593             3.40487
              115.84                1439             115.547             1442.61            0.292811             3.61303
              116.11                1442              115.79             1445.94            0.319683             3.94444
              116.37                1445             116.033             1449.15            0.336545             4.15233
              116.64                1449             116.358             1452.48            0.282347             3.48346
               116.9                1452             116.601             1455.69            0.299187             3.69108
              117.17                1455             116.844             1459.02            0.326018             4.02193
              117.43                1458             117.087             1462.23            0.342839             4.22928
               117.7                1462             117.411             1465.56            0.288587             3.55985
              117.96                1465             117.655             1468.77            0.305386             3.76693
              118.23                1468             117.898              1472.1            0.332176             4.09722
              118.49                1471             118.141              1475.3            0.348957             4.30402
              118.76                1474             118.384             1478.63            0.375728             4.63403
              119.02                1478             118.709             1481.84            0.311409             3.84057
              119.29                1481             118.952             1485.17            0.338158              4.1703
              119.55                1484             119.195             1488.38            0.354898             4.37657
              119.82                1487             119.438             1491.71            0.381629             4.70601
              120.08                1490             119.682             1494.91             0.39835             4.91201
              120.35                1494             120.006             1498.24            0.343963             4.24118
              120.62                1497             120.249             1501.57            0.370663              4.5702
              120.88                1500             120.493             1504.78            0.387352             4.77579
              121.15                1503             120.736              1508.1            0.414033             5.10454
              121.41                1506             120.979             1511.31            0.430704             5.30986
              121.68                1510             121.304             1514.64             0.37625             4.63832
              121.94                1513             121.547             1517.84            0.392899             4.84337
              122.21                1516              121.79             1521.17            0.419539             5.17155
              122.47                1519             122.034             1524.38            0.436169             5.37633
              122.74                1522             122.277              1527.7             0.46279             5.70424
                 123                1526             122.602             1530.91             0.39827             4.90875
              123.27                1529             122.845             1534.24            0.424869             5.23637
              123.54                1532             123.089             1537.56            0.451458             5.56385
               123.8                1535             123.332             1540.77            0.468038             5.76795
              124.07                1538             123.575              1544.1            0.494609             6.09515
              124.33                1542               123.9              1547.3            0.430021             5.29898
               124.6                1545             124.143             1550.63             0.45657              5.6259
              124.86                1548             124.387             1553.83            0.473109             5.82947
              125.13                1551              124.63             1557.16            0.499639             6.15611
              125.39                1554             124.874             1560.36            0.516159              6.3594
              125.66                1558             125.198             1563.69            0.461505             5.68576
              125.93                1561             125.442             1567.01            0.488004             6.01198
              126.19                1564             125.686             1570.21            0.504493             6.21486
              126.46                1567             125.929             1573.54            0.530972              6.5408
              126.72                1570             126.173             1576.74            0.547442             6.74342
              126.99                1574             126.497             1580.07            0.492721             6.06907
              127.26                1577             126.741             1583.39            0.519169             6.39459
              127.52                1580             126.984              1586.6            0.535608              6.5968
              127.79                1583             127.228             1589.92            0.562037             6.92203
              128.05                1586             127.472             1593.12            0.578457             7.12397
              128.32                1590             127.796             1596.45            0.523669             6.44893
              128.58                1593              128.04             1599.65            0.540067              6.6506
              128.85                1596             128.284             1602.98            0.566455             6.97527
              129.12                1599             128.527              1606.3            0.592834              7.2998
              129.38                1602             128.771              1609.5            0.609204             7.50107
              129.65                1606             129.096             1612.83            0.554349             6.82532
              129.92                1609             129.339             1616.15            0.580696             7.14943
              130.18                1612             129.583             1619.35            0.597035             7.35029
              130.45                1615             129.827             1622.67            0.623363             7.67411
              130.71                1618              130.07             1625.87            0.639683              7.8747
              130.98                1622             130.395              1629.2             0.58476             7.19825
              131.25                1625             130.639             1632.52            0.611058             7.52166
              131.51                1628             130.883             1635.72            0.627346             7.72184
              131.78                1631             131.126             1639.04            0.653624             8.04497
              132.04                1634              131.37             1642.24            0.669893             8.24488
              132.31                1637             131.614             1645.57            0.696153             8.56773
              132.58                1641             131.939             1648.89            0.641151             7.89043
              132.84                1644             132.183             1652.09            0.657388             8.08994
              133.11                1647             132.426             1655.41            0.683616             8.41237
              133.38                1650              132.67             1658.73            0.709835             8.73465
              133.64                1653             132.914             1661.93            0.726044             8.93375
              133.91                1657             133.239             1665.26            0.670975             8.25575
              134.18                1660             133.483             1668.58            0.697163             8.57761
              134.44                1663             133.727             1671.78             0.71334             8.77631
              134.71                1666              133.97              1675.1            0.739509             9.09789
              134.97                1669             134.214              1678.3            0.755668             9.29631
              135.24                1673             134.539             1681.62            0.700532             8.61762
              135.51                1676             134.783             1684.94            0.726669             8.93878
              135.77                1679             135.027             1688.14            0.742796              9.1368
              136.04                1682             135.271             1691.46            0.768914             9.45768
              136.31                1685             135.515             1694.78            0.795023             9.77841
              136.57                1689              135.84             1697.98            0.729819             8.97603
              136.84                1692             136.084              1701.3            0.755906             9.29649
              137.11                1695             136.328             1704.62            0.781983              9.6168
              137.37                1698             136.572             1707.81            0.798051             9.81401
              137.64                1701             136.816             1711.13            0.824109              10.134
              137.91                1705             137.141             1714.45            0.768838             9.45394
              138.17                1708             137.385             1717.65            0.784875             9.65074
              138.44                1711             137.629             1720.97            0.810901             9.97036
              138.71                1714             137.873             1724.29            0.836919             10.2898
              138.97                1717             138.117             1727.49            0.852927             10.4862
              139.24                1721             138.442             1730.81            0.797589             9.80542
              139.51                1724             138.686             1734.12            0.823575             10.1245
              139.78                1727              138.93             1737.44            0.849551             10.4434
              140.04                1730             139.174             1740.64            0.865518             10.6392
              140.31                1733             139.419             1743.96            0.891475             10.9579
              140.58                1737             139.744             1747.28            0.836071             10.2764
              140.84                1740             139.988             1750.47            0.852006             10.4718
              141.11                1743             140.232             1753.79            0.877932               10.79
              141.38                1746             140.476             1757.11            0.903848             11.1081
              141.64                1749              140.72              1760.3            0.919755             11.3031
              141.91                1752             140.964             1763.62            0.945653             11.6209
              142.18                1756              141.29             1766.94            0.890168             10.9386
              142.45                1759             141.534             1770.26            0.916044             11.2561
              142.71                1762             141.778             1773.45             0.93191             11.4506
              142.98                1765             142.022             1776.77            0.957767             11.7678
              143.25                1768             142.266             1780.08            0.983614             12.0849
              143.51                1772             142.592             1783.28            0.918062              11.279
              143.78                1775             142.836              1786.6            0.943887             11.5958
              144.05                1778              143.08             1789.91            0.969703             11.9124
              144.32                1781             143.324             1793.23            0.995509             12.2289
              144.58                1784             143.569             1796.42             1.01131             12.4225
              144.85                1788             143.894             1799.74            0.955686             11.7387
              145.12                1791             144.139             1803.05            0.981461             12.0548
              145.38                1794             144.383             1806.25            0.997226              12.248
              145.65                1797             144.627             1809.56             1.02298             12.5638
              145.92                1800             144.871             1812.88             1.04873             12.8795
              146.19                1804             145.197              1816.2            0.993042              12.195
              146.45                1807             145.441             1819.39             1.00877             12.3876
              146.72                1810             145.686              1822.7             1.03448             12.7029
              146.99                1813              145.93             1826.02             1.06019              13.018
              147.26                1816             146.174             1829.33             1.08588              13.333
              147.52                1819             146.418             1832.53             1.10157              13.525
              147.79                1823             146.744             1835.84              1.0458             12.8397
              148.06                1826             146.989             1839.15             1.07147             13.1543
              148.33                1829             147.233             1842.47             1.09712             13.4687
              148.59                1832             147.477             1845.66             1.11277             13.6602
              148.86                1835             147.722             1848.97              1.1384             13.9743
              149.13                1839             148.047             1852.29             1.08257             13.2883
               149.4                1842             148.292              1855.6             1.10818             13.6022
              149.67                1845             148.536             1858.92             1.13379             13.9159
              149.93                1848             148.781             1862.11             1.14938             14.1067
               150.2                1851             149.025             1865.42             1.17497             14.4202
              150.47                1855             149.351             1868.73             1.11906             13.7335
              150.74                1858             149.595             1872.05             1.14463             14.0466
                 151                1861              149.84             1875.24             1.16018             14.2369
              151.27                1864             150.084             1878.55             1.18573             14.5498
              151.54                1867             150.329             1881.86             1.21126             14.8625
              151.81                1870             150.573             1885.18             1.23679             15.1751
              152.08                1874             150.899             1888.49              1.1808             14.4875
              152.34                1877             151.144             1891.68             1.19631             14.6771
              152.61                1880             151.388             1894.99              1.2218             14.9893
              152.88                1883             151.633              1898.3             1.24729             15.3013
              153.15                1886             151.877             1901.61             1.27276             15.6132
              153.42                1890             152.203             1904.92             1.21671             14.9249
              153.68                1893             152.448             1908.11             1.23216             15.1139
              153.95                1896             152.692             1911.43             1.25761             15.4253
              154.22                1899             152.937             1914.74             1.28304             15.7367
              154.49                1902             153.182             1918.05             1.30847             16.0478
              154.76                1905             153.426             1921.36             1.33388             16.3589
              155.02                1909             153.752             1924.55             1.26775             15.5471
              155.29                1912             153.997             1927.86             1.29314             15.8579
              155.56                1915             154.241             1931.17             1.31853             16.1685
              155.83                1918             154.486             1934.48              1.3439              16.479
               156.1                1921             154.731             1937.79             1.36927             16.7893
              156.36                1925             155.057             1940.98             1.30307             15.9769
              156.63                1928             155.302             1944.29             1.32841              16.287
               156.9                1931             155.546              1947.6             1.35374             16.5969
              157.17                1934             155.791             1950.91             1.37907             16.9067
              157.44                1937             156.036             1954.22             1.40438             17.2163
              157.71                1941             156.362             1957.53             1.34812             16.5258
              157.97                1944             156.607             1960.71             1.36341             16.7125
              158.24                1947             156.851             1964.02             1.38869             17.0218
              158.51                1950             157.096             1967.33             1.41396             17.3308
              158.78                1953             157.341             1970.64             1.43923             17.6397
              159.05                1956             157.586             1973.95             1.46448             17.9485
              159.32                1960             157.912             1977.26             1.40814             17.2572
              159.59                1963             158.157             1980.57             1.43337             17.5657
              159.85                1966             158.401             1983.75             1.44859             17.7515
              160.12                1969             158.646             1987.06              1.4738             18.0597
              160.39                1972             158.891             1990.37               1.499             18.3678
              160.66                1976             159.217             1993.68             1.44259             17.6758
              160.93                1979             159.462             1996.98             1.46777             17.9836
               161.2                1982             159.707             2000.29             1.49294             18.2912
              161.47                1985             159.952              2003.6             1.51811             18.5987
              161.73                1988             160.197             2006.78             1.53326             18.7836
                 162                1991             160.442             2010.09              1.5584             19.0908
              162.27                1995             160.768              2013.4             1.50191             18.3979
              162.54                1998             161.013              2016.7             1.52703             18.7049
              162.81                2001             161.258             2020.01             1.55214             19.0117
              163.08                2004             161.503             2023.32             1.57724             19.3184
              163.35                2007             161.748             2026.62             1.60233             19.6249
              163.62                2011             162.074             2029.93             1.54578             18.9313
              163.88                2014             162.319             2033.12             1.56085             19.1151
              164.15                2017             162.564             2036.42             1.58591             19.4212
              164.42                2020             162.809             2039.73             1.61096             19.7272
              164.69                2023             163.054             2043.03               1.636              20.033
              164.96                2026             163.299             2046.34             1.66103             20.3387
              165.23                2030             163.626             2049.64             1.60439             19.6443
               165.5                2033             163.871             2052.95              1.6294             19.9497
              165.77                2036             164.116             2056.25              1.6544             20.2549
              166.04                2039             164.361             2059.56             1.67939               20.56
              166.31                2042             164.606             2062.87             1.70437              20.865
              166.57                2046             164.932             2066.05             1.63767             20.0475
              166.84                2049             165.177             2069.35             1.66262             20.3522
              167.11                2052             165.422             2072.66             1.68757             20.6567
              167.38                2055             165.667             2075.96             1.71251             20.9612
              167.65                2058             165.913             2079.27             1.73744             21.2654
              167.92                2061             166.158             2082.57             1.76236             21.5696
              168.19                2065             166.484             2085.87             1.70558             20.8736
              168.46                2068              166.73             2089.18             1.73048             21.1774
              168.73                2071             166.975             2092.48             1.75537             21.4812
                 169                2074              167.22             2095.78             1.78025             21.7847
              169.27                2077             167.465             2099.09             1.80512             22.0882
              169.54                2080              167.71             2102.39             1.82998             22.3915
              169.81                2084             168.037             2105.69             1.77311             21.6946
              170.08                2087             168.282                2109             1.79795             21.9976
              170.34                2090             168.527             2112.18             1.81278             22.1782
              170.61                2093             168.772             2115.48              1.8376             22.4809
              170.88                2096             169.018             2118.78             1.86241             22.7835
              171.15                2100             169.345             2122.09             1.80547             22.0859
              171.42                2103              169.59             2125.39             1.83026             22.3882
              171.69                2106             169.835             2128.69             1.85504             22.6904
              171.96                2109              170.08             2131.99              1.8798             22.9924
              172.23                2112             170.325             2135.29             1.90456             23.2943
               172.5                2115             170.571              2138.6             1.92931             23.5961
              172.77                2119             170.898              2141.9              1.8723             22.8977
              173.04                2122             171.143              2145.2             1.89703             23.1991
              173.31                2125             171.388              2148.5             1.92174             23.5004
              173.58                2128             171.634              2151.8             1.94645             23.8016
              173.85                2131             171.879              2155.1             1.97115             24.1027
              174.12                2134             172.124              2158.4             1.99584             24.4036
              174.39                2138             172.451              2161.7             1.93874             23.7043
              174.66                2141             172.697                2165             1.96341             24.0049
              174.93                2144             172.942             2168.31             1.98807             24.3054
               175.2                2147             173.187             2171.61             2.01272             24.6058
              175.47                2150             173.433             2174.91             2.03735             24.9059
              175.74                2154              173.76             2178.21             1.98019              24.206
              176.01                2157             174.005             2181.51             2.00481             24.5059
              176.28                2160             174.251             2184.81             2.02941             24.8057
              176.55                2163             174.496             2188.11             2.05401             25.1053
              176.82                2166             174.741              2191.4              2.0786             25.4048
              177.09                2169             174.987              2194.7             2.10318             25.7041
              177.36                2173             175.314                2198             2.04593             25.0033
              177.63                2176              175.56              2201.3             2.07049             25.3024
               177.9                2179             175.805              2204.6             2.09504             25.6013
              178.17                2182              176.05              2207.9             2.11957             25.9001
              178.44                2185             176.296              2211.2              2.1441             26.1988
              178.71                2188             176.541              2214.5             2.16862             26.4973
              178.98                2192             176.869              2217.8             2.11129             25.7956
              179.25                2195             177.114             2221.09             2.13579             26.0938
              179.52                2198              177.36             2224.39             2.16027             26.3919
              179.79                2201             177.605             2227.69             2.18475             26.6899
              180.06                2204             177.851             2230.99             2.20922             26.9877
              180.33                2207             178.096             2234.29             2.23367             27.2853
               180.6                2211             178.424             2237.58             2.17627             26.5828
              180.87                2214             178.669             2240.88              2.2007             26.8802
              181.14                2217             178.915             2244.18             2.22513             27.1774
              181.41                2220              179.16             2247.47             2.24955             27.4745
              181.68                2223             179.406             2250.77             2.27395             27.7715
              181.95                2227             179.734             2254.07             2.21648             27.0683
              182.22                2230             179.979             2257.36             2.24086              27.365
              182.49                2233             180.225             2260.66             2.26524             27.6615
              182.76                2236              180.47             2263.96              2.2896             27.9579
              183.03                2239             180.716             2267.25             2.31396             28.2541
               183.3                2242             180.962             2270.55             2.33831             28.5503
              183.57                2246             181.289             2273.85             2.28075             27.8462
              183.84                2249             181.535             2277.14             2.30508              28.142
              184.11                2252             181.781             2280.44             2.32939             28.4377
              184.39                2255             182.026             2283.86             2.36369             28.8553
              184.66                2258             182.272             2287.15             2.38799             29.1507
              184.93                2261             182.518             2290.45             2.41228              29.446
               185.2                2265             182.845             2293.74             2.35464             28.7411
              185.47                2268             183.091             2297.04              2.3789             29.0361
              185.74                2271             183.337             2300.33             2.40316             29.3309
              186.01                2274             183.583             2303.63              2.4274             29.6256
              186.28                2277             183.828             2306.92             2.45164             29.9202
              186.55                2280             184.074             2310.21             2.47586             30.2146
              186.82                2284             184.402             2313.51             2.41815             29.5089
              187.09                2287             184.648              2316.8             2.44235              29.803
              187.36                2290             184.893              2320.1             2.46654              30.097
              187.63                2293             185.139             2323.39             2.49073             30.3908
              187.91                2296             185.385             2326.81              2.5249             30.8065
              188.18                2299             185.631              2330.1             2.54907             31.1001
              188.45                2303             185.959             2333.39             2.49127             30.3935
              188.72                2306             186.205             2336.69             2.51541             30.6868
              188.99                2309              186.45             2339.98             2.53955               30.98
              189.26                2312             186.696             2343.27             2.56367              31.273
              189.53                2315             186.942             2346.57             2.58778             31.5658
               189.8                2318             187.188             2349.86             2.61189             31.8586
              190.07                2322             187.516             2353.15             2.55401             31.1511
              190.34                2325             187.762             2356.44             2.57809             31.4436
              190.62                2328             188.008             2359.86             2.61216             31.8578
              190.89                2331             188.254             2363.15             2.63623               32.15
              191.16                2334               188.5             2366.44             2.66028              32.442
              191.43                2337             188.746             2369.73             2.68432             32.7339
               191.7                2341             189.074             2373.03             2.62637             32.0256
              191.97                2344              189.32             2376.32             2.65039             32.3172
              192.24                2347             189.566             2379.61              2.6744             32.6086
              192.51                2350             189.812              2382.9              2.6984                32.9
              192.79                2353             190.058             2386.31             2.73239              33.313
              193.06                2356             190.304              2389.6             2.75638              33.604
              193.33                2360             190.632             2392.89             2.69834             32.8949
               193.6                2363             190.878             2396.19              2.7223             33.1857
              193.87                2366             191.124             2399.48             2.74625             33.4763
              194.14                2369              191.37             2402.77             2.77019             33.7667
              194.41                2372             191.616             2406.06             2.79412             34.0571
              194.69                2375             191.862             2409.47             2.82805             34.4691
              194.96                2379              192.19             2412.76             2.76993             33.7592
              195.23                2382             192.436             2416.05             2.79383             34.0491
               195.5                2385             192.682             2419.34             2.81772             34.3388
              195.77                2388             192.928             2422.63              2.8416             34.6284
              196.04                2391             193.175             2425.92             2.86547             34.9179
              196.31                2394             193.421             2429.21             2.88933             35.2072
              196.59                2398             193.749             2432.62             2.84113             34.6183
              196.86                2401             193.995             2435.91             2.86497             34.9073
              197.13                2404             194.241              2439.2              2.8888             35.1962
               197.4                2407             194.487             2442.48             2.91262              35.485
              197.67                2410             194.734             2445.77             2.93643             35.7736
              197.94                2413              194.98             2449.06             2.96023             36.0621
              198.22                2417             195.308             2452.47             2.91195             35.4723
              198.49                2420             195.554             2455.76             2.93573             35.7605
              198.76                2423               195.8             2459.05              2.9595             36.0485
              199.03                2426             196.047             2462.34             2.98326             36.3364
               199.3                2429             196.293             2465.62             3.00701             36.6242
              199.58                2432             196.539             2469.03             3.04075             37.0336
              199.85                2436             196.868             2472.32             2.98239             36.3211
              200.12                2439             197.114             2475.61             3.00611             36.6085
